301 597
0 1 1 1
0 2 1 1
0 3 1 1
0 4 1 1
0 5 1 1
0 6 1 1
0 7 1 1
0 8 1 1
0 9 1 1
0 10 1 1
0 11 1 1
0 12 1 1
0 13 1 1
0 14 1 1
0 15 1 1
0 16 1 1
0 17 1 1
0 18 1 1
0 19 1 1
0 20 1 1
0 21 1 1
0 22 1 1
0 23 1 1
0 24 1 1
0 25 1 1
0 26 1 1
0 27 1 1
0 28 1 1
0 29 1 1
0 30 1 1
0 31 1 1
0 32 1 1
0 33 1 1
0 34 1 1
0 35 1 1
0 36 1 1
0 37 1 1
0 38 1 1
0 39 1 1
0 40 1 1
0 41 1 1
0 42 1 1
0 43 1 1
0 44 1 1
0 45 1 1
0 46 1 1
0 47 1 1
0 48 1 1
0 49 1 1
0 50 1 1
0 51 1 1
0 52 1 1
0 53 1 1
0 54 1 1
0 55 1 1
0 56 1 1
0 57 1 1
0 58 1 1
0 59 1 1
0 60 1 1
0 61 1 1
0 62 1 1
0 63 1 1
0 64 1 1
0 65 1 1
0 66 1 1
0 67 1 1
0 68 1 1
0 69 1 1
0 70 1 1
0 71 1 1
0 72 1 1
0 73 1 1
0 74 1 1
0 75 1 1
0 76 1 1
0 77 1 1
0 78 1 1
0 79 1 1
0 80 1 1
0 81 1 1
0 82 1 1
0 83 1 1
0 84 1 1
0 85 1 1
0 86 1 1
0 87 1 1
0 88 1 1
0 89 1 1
0 90 1 1
0 91 1 1
0 92 1 1
0 93 1 1
0 94 1 1
0 95 1 1
0 96 1 1
0 97 1 1
0 98 1 1
0 99 1 1
0 100 1 1
0 101 1 1
0 102 1 1
0 103 1 1
0 104 1 1
0 105 1 1
0 106 1 1
0 107 1 1
0 108 1 1
0 109 1 1
0 110 1 1
0 111 1 1
0 112 1 1
0 113 1 1
0 114 1 1
0 115 1 1
0 116 1 1
0 117 1 1
0 118 1 1
0 119 1 1
0 120 1 1
0 121 1 1
0 122 1 1
0 123 1 1
0 124 1 1
0 125 1 1
0 126 1 1
0 127 1 1
0 128 1 1
0 129 1 1
0 130 1 1
0 131 1 1
0 132 1 1
0 133 1 1
0 134 1 1
0 135 1 1
0 136 1 1
0 137 1 1
0 138 1 1
0 139 1 1
0 140 1 1
0 141 1 1
0 142 1 1
0 143 1 1
0 144 1 1
0 145 1 1
0 146 1 1
0 147 1 1
0 148 1 1
0 149 1 1
0 150 1 1
1 151 1 1
2 151 1 1
3 151 1 1
4 151 1 1
5 151 1 1
6 151 1 1
7 151 1 1
8 151 1 1
9 151 1 1
10 151 1 1
11 151 1 1
12 151 1 1
13 151 1 1
14 151 1 1
15 151 1 1
16 151 1 1
17 151 1 1
18 151 1 1
19 151 1 1
20 151 1 1
21 151 1 1
22 151 1 1
23 151 1 1
24 151 1 1
25 151 1 1
26 151 1 1
27 151 1 1
28 151 1 1
29 151 1 1
30 151 1 1
31 151 1 1
32 151 1 1
33 151 1 1
34 151 1 1
35 151 1 1
36 151 1 1
37 151 1 1
38 151 1 1
39 151 1 1
40 151 1 1
41 151 1 1
42 151 1 1
43 151 1 1
44 151 1 1
45 151 1 1
46 151 1 1
47 151 1 1
48 151 1 1
49 151 1 1
50 151 1 1
51 151 1 1
52 151 1 1
53 151 1 1
54 151 1 1
55 151 1 1
56 151 1 1
57 151 1 1
58 151 1 1
59 151 1 1
60 151 1 1
61 151 1 1
62 151 1 1
63 151 1 1
64 151 1 1
65 151 1 1
66 151 1 1
67 151 1 1
68 151 1 1
69 151 1 1
70 151 1 1
71 151 1 1
72 151 1 1
73 151 1 1
74 151 1 1
75 151 1 1
76 151 1 1
77 151 1 1
78 151 1 1
79 151 1 1
80 151 1 1
81 151 1 1
82 151 1 1
83 151 1 1
84 151 1 1
85 151 1 1
86 151 1 1
87 151 1 1
88 151 1 1
89 151 1 1
90 151 1 1
91 151 1 1
92 151 1 1
93 151 1 1
94 151 1 1
95 151 1 1
96 151 1 1
97 151 1 1
98 151 1 1
99 151 1 1
100 151 1 1
101 151 1 1
102 151 1 1
103 151 1 1
104 151 1 1
105 151 1 1
106 151 1 1
107 151 1 1
108 151 1 1
109 151 1 1
110 151 1 1
111 151 1 1
112 151 1 1
113 151 1 1
114 151 1 1
115 151 1 1
116 151 1 1
117 151 1 1
118 151 1 1
119 151 1 1
120 151 1 1
121 151 1 1
122 151 1 1
123 151 1 1
124 151 1 1
125 151 1 1
126 151 1 1
127 151 1 1
128 151 1 1
129 151 1 1
130 151 1 1
131 151 1 1
132 151 1 1
133 151 1 1
134 151 1 1
135 151 1 1
136 151 1 1
137 151 1 1
138 151 1 1
139 151 1 1
140 151 1 1
141 151 1 1
142 151 1 1
143 151 1 1
144 151 1 1
145 151 1 1
146 151 1 1
147 151 1 1
148 151 1 1
149 151 1 1
150 151 1 1
151 152 999 1
152 153 999 1
153 154 999 1
154 155 999 1
155 156 999 1
156 157 999 1
157 158 999 1
158 159 999 1
159 160 999 1
160 161 999 1
161 162 999 1
162 163 999 1
163 164 999 1
164 165 999 1
165 166 999 1
166 167 999 1
167 168 999 1
168 169 999 1
169 170 999 1
170 171 999 1
171 172 999 1
172 173 999 1
173 174 999 1
174 175 999 1
175 176 999 1
176 177 999 1
177 178 999 1
178 179 999 1
179 180 999 1
180 181 999 1
181 182 999 1
182 183 999 1
183 184 999 1
184 185 999 1
185 186 999 1
186 187 999 1
187 188 999 1
188 189 999 1
189 190 999 1
190 191 999 1
191 192 999 1
192 193 999 1
193 194 999 1
194 195 999 1
195 196 999 1
196 197 999 1
197 198 999 1
198 199 999 1
199 200 999 1
200 201 999 1
201 202 999 1
202 203 999 1
203 204 999 1
204 205 999 1
205 206 999 1
206 207 999 1
207 208 999 1
208 209 999 1
209 210 999 1
210 211 999 1
211 212 999 1
212 213 999 1
213 214 999 1
214 215 999 1
215 216 999 1
216 217 999 1
217 218 999 1
218 219 999 1
219 220 999 1
220 221 999 1
221 222 999 1
222 223 999 1
223 224 999 1
224 225 999 1
225 226 999 1
226 227 999 1
227 228 999 1
228 229 999 1
229 230 999 1
230 231 999 1
231 232 999 1
232 233 999 1
233 234 999 1
234 235 999 1
235 236 999 1
236 237 999 1
237 238 999 1
238 239 999 1
239 240 999 1
240 241 999 1
241 242 999 1
242 243 999 1
243 244 999 1
244 245 999 1
245 246 999 1
246 247 999 1
247 248 999 1
248 249 999 1
249 250 999 1
250 251 999 1
251 252 999 1
252 253 999 1
253 254 999 1
254 255 999 1
255 256 999 1
256 257 999 1
257 258 999 1
258 259 999 1
259 260 999 1
260 261 999 1
261 262 999 1
262 263 999 1
263 264 999 1
264 265 999 1
265 266 999 1
266 267 999 1
267 268 999 1
268 269 999 1
269 270 999 1
270 271 999 1
271 272 999 1
272 273 999 1
273 274 999 1
274 275 999 1
275 276 999 1
276 277 999 1
277 278 999 1
278 279 999 1
279 280 999 1
280 281 999 1
281 282 999 1
282 283 999 1
283 284 999 1
284 285 999 1
285 286 999 1
286 287 999 1
287 288 999 1
288 289 999 1
289 290 999 1
290 291 999 1
291 292 999 1
292 293 999 1
293 294 999 1
294 295 999 1
295 296 999 1
296 297 999 1
297 298 999 1
298 299 999 1
151 300 149 30000
152 300 148 29800
153 300 147 29600
154 300 146 29400
155 300 145 29200
156 300 144 29000
157 300 143 28800
158 300 142 28600
159 300 141 28400
160 300 140 28200
161 300 139 28000
162 300 138 27800
163 300 137 27600
164 300 136 27400
165 300 135 27200
166 300 134 27000
167 300 133 26800
168 300 132 26600
169 300 131 26400
170 300 130 26200
171 300 129 26000
172 300 128 25800
173 300 127 25600
174 300 126 25400
175 300 125 25200
176 300 124 25000
177 300 123 24800
178 300 122 24600
179 300 121 24400
180 300 120 24200
181 300 119 24000
182 300 118 23800
183 300 117 23600
184 300 116 23400
185 300 115 23200
186 300 114 23000
187 300 113 22800
188 300 112 22600
189 300 111 22400
190 300 110 22200
191 300 109 22000
192 300 108 21800
193 300 107 21600
194 300 106 21400
195 300 105 21200
196 300 104 21000
197 300 103 20800
198 300 102 20600
199 300 101 20400
200 300 100 20200
201 300 99 20000
202 300 98 19800
203 300 97 19600
204 300 96 19400
205 300 95 19200
206 300 94 19000
207 300 93 18800
208 300 92 18600
209 300 91 18400
210 300 90 18200
211 300 89 18000
212 300 88 17800
213 300 87 17600
214 300 86 17400
215 300 85 17200
216 300 84 17000
217 300 83 16800
218 300 82 16600
219 300 81 16400
220 300 80 16200
221 300 79 16000
222 300 78 15800
223 300 77 15600
224 300 76 15400
225 300 75 15200
226 300 74 15000
227 300 73 14800
228 300 72 14600
229 300 71 14400
230 300 70 14200
231 300 69 14000
232 300 68 13800
233 300 67 13600
234 300 66 13400
235 300 65 13200
236 300 64 13000
237 300 63 12800
238 300 62 12600
239 300 61 12400
240 300 60 12200
241 300 59 12000
242 300 58 11800
243 300 57 11600
244 300 56 11400
245 300 55 11200
246 300 54 11000
247 300 53 10800
248 300 52 10600
249 300 51 10400
250 300 50 10200
251 300 49 10000
252 300 48 9800
253 300 47 9600
254 300 46 9400
255 300 45 9200
256 300 44 9000
257 300 43 8800
258 300 42 8600
259 300 41 8400
260 300 40 8200
261 300 39 8000
262 300 38 7800
263 300 37 7600
264 300 36 7400
265 300 35 7200
266 300 34 7000
267 300 33 6800
268 300 32 6600
269 300 31 6400
270 300 30 6200
271 300 29 6000
272 300 28 5800
273 300 27 5600
274 300 26 5400
275 300 25 5200
276 300 24 5000
277 300 23 4800
278 300 22 4600
279 300 21 4400
280 300 20 4200
281 300 19 4000
282 300 18 3800
283 300 17 3600
284 300 16 3400
285 300 15 3200
286 300 14 3000
287 300 13 2800
288 300 12 2600
289 300 11 2400
290 300 10 2200
291 300 9 2000
292 300 8 1800
293 300 7 1600
294 300 6 1400
295 300 5 1200
296 300 4 1000
297 300 3 800
298 300 2 600
299 300 1 400
